1 6 90 1067 919 1180 958 934 
1 7 1110 687 529 640 625 509 90 
1 9 1110 743 762 591 865 1301 458 1125 934 
1 3 386 448 1131 
1 3 1131 686 1373 
1 5 1373 337 1371 144 711 
1 3 711 750 322 
1 2 386 475 
1 4 475 968 189 535 
1 6 535 989 464 774 1276 627 
1 2 627 74 
1 4 74 1129 1107 603 
1 4 627 1268 1053 305 
1 5 535 456 93 1039 875 
1 5 535 191 606 955 703 
1 3 90 937 703 
1 4 1131 531 1162 497 
1 6 497 624 21 1100 689 613 
1 4 843 190 1388 423 
1 3 423 39 1185 
1 4 1185 479 1061 1060 
1 4 1060 19 914 231 
1 4 231 66 1354 534 
1 6 534 429 1188 1347 87 1041 
1 5 1041 912 622 985 556 
1 4 231 1090 910 815 
1 4 815 742 1065 613 
1 3 479 908 558 
1 3 558 681 322 
1 3 534 1349 243 
1 2 243 1110 
