state={
	id=14
	name="STATE_14"
	provinces={
		1 22 28 47 48 60 83 90 91 113 131 137 145 183 187 220 230 233 238 243 257 260 270 277 281 300 303 304 348 349 352 364 367 378 388 392 406 425 436 458 459 490 509 527 529 552 555 563 567 591 598 602 625 632 640 643 668 673 687 701 706 715 727 730 737 743 762 798 811 818 820 826 853 865 877 905 919 934 937 941 958 964 986 1023 1027 1032 1042 1067 1077 1096 1110 1112 1116 1125 1128 1137 1142 1156 1161 1163 1165 1167 1175 1178 1180 1192 1259 1271 1301 1303 1305 1306 1314 1315 1321 1328 1329 1330 1332 1334 1336 1338 1351 
	}
	history={
		owner = KUN
		victory_points = { 5 50 }
		add_core_of = KUN
	}
	buildings_max_level_factor=1.000
        manpower=10000
        state_category = large_town
}
