state={
	id=65
	name="STATE_65"
	provinces={
		35 58 77 78 79 89 115 127 146 155 163 171 198 202 210 218 219 223 269 289 330 347 391 407 418 427 428 447 469 505 506 512 521 542 549 553 566 575 615 637 644 662 676 677 685 705 722 732 734 747 800 807 822 835 838 840 847 850 861 874 896 901 909 933 945 946 957 971 974 990 1000 1001 1002 1009 1016 1029 1034 1036 1055 1057 1058 1076 1088 1093 1102 1122 1130 1132 1133 1135 1150 1172 1191 1196 1278 1291 1294 1308 1309 1311 1324 1337 1348 1350 1352 1359 1360 1361 1367 1374 1379 1384 
	}
	resources={
		rubber=52
		steel=23
		oil=11
	}
	history={
		owner = KWA
		victory_points = { 5 50 }
		add_core_of = KWA
	}
	buildings_max_level_factor=1.000
        manpower=50000000
        state_category = megalopolis
}
